#Camera Parameters: K   R   T ------  X_world = R X_camera + T
#K (intrinsic matrix): the first 3*3 matrix 
#R (rotational matrix): the second 3*3 matrix 
#T (translation vector): the final line 

141

1474.7399262	0.0000000	479.5000000	
0.0000000	1474.7399262	269.5000000	
0.0000000	0.0000000	1.0000000	
1.0000000000	0.0000000000	-0.0000000000	
0.0000000000	1.0000000000	-0.0000000000	
-0.0000000000	-0.0000000000	1.0000000000	
-0.0000000000	-0.0000000000	0.0000000000	


1474.7399262	0.0000000	479.5000000	
0.0000000	1474.7399262	269.5000000	
0.0000000	0.0000000	1.0000000	
0.9999993068	0.0011322771	0.0003229279	
-0.0011322443	0.9999993539	-0.0001015368	
-0.0003230427	0.0001011711	0.9999999427	
-0.4822408747	0.0203936652	0.1483181625	


1474.7399262	0.0000000	479.5000000	
0.0000000	1474.7399262	269.5000000	
0.0000000	0.0000000	1.0000000	
0.9999973371	0.0021324334	0.0008823797	
-0.0021320529	0.9999976339	-0.0004319752	
-0.0008832988	0.0004300927	0.9999995174	
-0.9544542480	0.0453056864	0.1537189611	


1474.7399262	0.0000000	479.5000000	
0.0000000	1474.7399262	269.5000000	
0.0000000	0.0000000	1.0000000	
0.9999980758	0.0011285234	0.0016046019	
-0.0011275058	0.9999991628	-0.0006349332	
-0.0016053171	0.0006331228	0.9999985111	
-1.4299549946	0.0229926597	0.2308694958	


1474.7399262	0.0000000	479.5000000	
0.0000000	1474.7399262	269.5000000	
0.0000000	0.0000000	1.0000000	
0.9999970613	0.0010106320	0.0022036158	
-0.0010081767	0.9999988701	-0.0011150428	
-0.0022047402	0.0011128179	0.9999969504	
-1.9217815010	0.0342868186	0.2672337317	


1474.7399262	0.0000000	479.5000000	
0.0000000	1474.7399262	269.5000000	
0.0000000	0.0000000	1.0000000	
0.9999962395	0.0018090988	0.0020610938	
-0.0018053565	0.9999967213	-0.0018160681	
-0.0020643725	0.0018123403	0.9999962269	
-2.3918471565	0.0569642974	0.3703373984	


1474.7399262	0.0000000	479.5000000	
0.0000000	1474.7399262	269.5000000	
0.0000000	0.0000000	1.0000000	
0.9999885712	0.0041086999	0.0024446126	
-0.0041028436	0.9999887134	-0.0023957868	
-0.0024544285	0.0023857296	0.9999941420	
-2.8600450542	0.0972348719	0.3931577917	


1474.7399262	0.0000000	479.5000000	
0.0000000	1474.7399262	269.5000000	
0.0000000	0.0000000	1.0000000	
0.9999644115	0.0080146102	0.0026347130	
-0.0080081069	0.9999648849	-0.0024696676	
-0.0026544139	0.0024484806	0.9999934795	
-3.3351020016	0.1038573442	0.4074448510	


1474.7399262	0.0000000	479.5000000	
0.0000000	1474.7399262	269.5000000	
0.0000000	0.0000000	1.0000000	
0.9999244788	0.0120203128	0.0025590449	
-0.0120142941	0.9999250538	-0.0023544714	
-0.0025871546	0.0023235485	0.9999939539	
-3.8148307582	0.1322752493	0.4588620438	


1474.7399262	0.0000000	479.5000000	
0.0000000	1474.7399262	269.5000000	
0.0000000	0.0000000	1.0000000	
0.9998812813	0.0150725402	0.0032002784	
-0.0150657266	0.9998842098	-0.0021426121	
-0.0032322024	0.0020941432	0.9999925837	
-4.2930274231	0.1753316785	0.4248761840	


1474.7399262	0.0000000	479.5000000	
0.0000000	1474.7399262	269.5000000	
0.0000000	0.0000000	1.0000000	
0.9998907176	0.0143851577	0.0034088277	
-0.0143826346	0.9998962731	-0.0007635039	
-0.0034194573	0.0007143925	0.9999938985	
-4.7882440780	0.1470007115	0.4609958015	


1474.7399262	0.0000000	479.5000000	
0.0000000	1474.7399262	269.5000000	
0.0000000	0.0000000	1.0000000	
0.9998965467	0.0139953379	0.0033206019	
-0.0139949638	0.9999020565	-0.0001358628	
-0.0033221781	0.0000893770	0.9999944776	
-5.2658354036	0.1721452065	0.4885188223	


1474.7399262	0.0000000	479.5000000	
0.0000000	1474.7399262	269.5000000	
0.0000000	0.0000000	1.0000000	
0.9998996881	0.0137561044	0.0033739321	
-0.0137585456	0.9999051007	0.0007013818	
-0.0033639636	-0.0007477319	0.9999940623	
-5.7166198115	0.1830162666	0.5750140176	


1474.7399262	0.0000000	479.5000000	
0.0000000	1474.7399262	269.5000000	
0.0000000	0.0000000	1.0000000	
0.9999247255	0.0115888303	0.0040301726	
-0.0115974425	0.9999304997	0.0021201664	
-0.0040053223	-0.0021667465	0.9999896312	
-6.2126229582	0.1683862255	0.5734487998	


1474.7399262	0.0000000	479.5000000	
0.0000000	1474.7399262	269.5000000	
0.0000000	0.0000000	1.0000000	
0.9999322207	0.0108955497	0.0041037868	
-0.0109072857	0.9999364570	0.0028483539	
-0.0040724917	-0.0028929220	0.9999875228	
-6.6964959262	0.1722365538	0.5770841572	


1474.7399262	0.0000000	479.5000000	
0.0000000	1474.7399262	269.5000000	
0.0000000	0.0000000	1.0000000	
0.9999147251	0.0124591175	0.0039131817	
-0.0124701273	0.9999183195	0.0028018151	
-0.0038779540	-0.0028503740	0.9999884184	
-7.1770472200	0.1714062735	0.5742599257	


1474.7399262	0.0000000	479.5000000	
0.0000000	1474.7399262	269.5000000	
0.0000000	0.0000000	1.0000000	
0.9998966481	0.0137783726	0.0041048121	
-0.0137889357	0.9999016606	0.0025562530	
-0.0040691875	-0.0026125898	0.9999883080	
-7.6440634264	0.1963756110	0.6275114826	


1474.7399262	0.0000000	479.5000000	
0.0000000	1474.7399262	269.5000000	
0.0000000	0.0000000	1.0000000	
0.9998656878	0.0158221578	0.0042738428	
-0.0158322887	0.9998719067	0.0023470998	
-0.0042361591	-0.0024144492	0.9999881126	
-8.1473028081	0.2064765071	0.6229654916	


1474.7399262	0.0000000	479.5000000	
0.0000000	1474.7399262	269.5000000	
0.0000000	0.0000000	1.0000000	
0.9998300606	0.0180018783	0.0039726972	
-0.0180111382	0.9998351234	0.0023075638	
-0.0039305017	-0.0023787245	0.9999894464	
-8.6099308138	0.2121427903	0.6371615654	


1474.7399262	0.0000000	479.5000000	
0.0000000	1474.7399262	269.5000000	
0.0000000	0.0000000	1.0000000	
0.9997651598	0.0212240363	0.0043778428	
-0.0212342702	0.9997718714	0.0023045584	
-0.0043279320	-0.0023969775	0.9999877617	
-9.1030813256	0.2140106361	0.6849801144	


1474.7399262	0.0000000	479.5000000	
0.0000000	1474.7399262	269.5000000	
0.0000000	0.0000000	1.0000000	
0.9997354057	0.0225840526	0.0043679648	
-0.0225927171	0.9997428608	0.0019445770	
-0.0043229252	-0.0020427467	0.9999885697	
-9.5974109991	0.2261279992	0.6797894379	


1474.7399262	0.0000000	479.5000000	
0.0000000	1474.7399262	269.5000000	
0.0000000	0.0000000	1.0000000	
0.9997118633	0.0236740457	0.0039660946	
-0.0236810315	0.9997180789	0.0017237836	
-0.0039241676	-0.0018172081	0.9999906493	
-10.0545221488	0.2248143544	0.6905361526	


1474.7399262	0.0000000	479.5000000	
0.0000000	1474.7399262	269.5000000	
0.0000000	0.0000000	1.0000000	
0.9996398351	0.0264714600	0.0044115542	
-0.0264795531	0.9996477591	0.0017863144	
-0.0043627139	-0.0019024870	0.9999886736	
-10.5156820512	0.2285439355	0.6739065255	


1474.7399262	0.0000000	479.5000000	
0.0000000	1474.7399262	269.5000000	
0.0000000	0.0000000	1.0000000	
0.9996133910	0.0273290405	0.0051178119	
-0.0273377539	0.9996249078	0.0016403963	
-0.0050710618	-0.0017796716	0.9999855584	
-11.0088203735	0.2388143834	0.7151990562	


1474.7399262	0.0000000	479.5000000	
0.0000000	1474.7399262	269.5000000	
0.0000000	0.0000000	1.0000000	
0.9996368454	0.0263733607	0.0055338266	
-0.0263815101	0.9996509603	0.0014048346	
-0.0054948449	-0.0015503152	0.9999837015	
-11.4703358355	0.2392436802	0.7188879475	


1474.7399262	0.0000000	479.5000000	
0.0000000	1474.7399262	269.5000000	
0.0000000	0.0000000	1.0000000	
0.9997021352	0.0236851795	0.0058866845	
-0.0236911444	0.9997188782	0.0009456131	
-0.0058626326	-0.0010847937	0.9999822262	
-11.9596835343	0.2330616911	0.7324686705	


1474.7399262	0.0000000	479.5000000	
0.0000000	1474.7399262	269.5000000	
0.0000000	0.0000000	1.0000000	
0.9997712322	0.0204382867	0.0063055228	
-0.0204409033	0.9997910014	0.0003507965	
-0.0062970353	-0.0004796068	0.9999800585	
-12.4088314212	0.2579185723	0.7565658047	


1474.7399262	0.0000000	479.5000000	
0.0000000	1474.7399262	269.5000000	
0.0000000	0.0000000	1.0000000	
0.9998088681	0.0181990201	0.0071430360	
-0.0182004291	0.9998343497	0.0001322973	
-0.0071394451	-0.0002622784	0.9999744794	
-12.8575216829	0.2679415119	0.7920222335	


1474.7399262	0.0000000	479.5000000	
0.0000000	1474.7399262	269.5000000	
0.0000000	0.0000000	1.0000000	
0.9998290809	0.0167099054	0.0079112579	
-0.0167127543	0.9998602889	0.0002941379	
-0.0079052376	-0.0004263066	0.9999686622	
-13.3410656674	0.2772887356	0.7748122319	


1474.7399262	0.0000000	479.5000000	
0.0000000	1474.7399262	269.5000000	
0.0000000	0.0000000	1.0000000	
0.9998473122	0.0154499469	0.0081640328	
-0.0154506237	0.9998806318	0.0000198287	
-0.0081627520	-0.0001459651	0.9999666735	
-13.8092629163	0.2747300078	0.8045649983	


1474.7399262	0.0000000	479.5000000	
0.0000000	1474.7399262	269.5000000	
0.0000000	0.0000000	1.0000000	
0.9998610640	0.0144312059	0.0083422358	
-0.0144287677	0.9998958378	-0.0003523913	
-0.0083464523	0.0002319741	0.9999651409	
-14.2765015655	0.2861116513	0.8525655788	


1474.7399262	0.0000000	479.5000000	
0.0000000	1474.7399262	269.5000000	
0.0000000	0.0000000	1.0000000	
0.9998658958	0.0138453111	0.0087463046	
-0.0138413187	0.9999040708	-0.0005168371	
-0.0087526213	0.0003957074	0.9999616168	
-14.7365962213	0.2974644492	0.8363115803	


1474.7399262	0.0000000	479.5000000	
0.0000000	1474.7399262	269.5000000	
0.0000000	0.0000000	1.0000000	
0.9998566286	0.0140478461	0.0094541137	
-0.0140395676	0.9999009972	-0.0009414578	
-0.0094664031	0.0008085911	0.9999548657	
-15.1952213918	0.3090132434	0.8772292932	


1474.7399262	0.0000000	479.5000000	
0.0000000	1474.7399262	269.5000000	
0.0000000	0.0000000	1.0000000	
0.9998374092	0.0151317909	0.0098073457	
-0.0151212979	0.9998850131	-0.0011431794	
-0.0098235164	0.0009946938	0.9999512534	
-15.6825218978	0.2972328906	0.8837221807	


1474.7399262	0.0000000	479.5000000	
0.0000000	1474.7399262	269.5000000	
0.0000000	0.0000000	1.0000000	
0.9998231335	0.0161005427	0.0097197841	
-0.0160826371	0.9998688273	-0.0019175432	
-0.0097493826	0.0017608843	0.9999509232	
-16.1309130402	0.2955247777	0.9263963014	


1474.7399262	0.0000000	479.5000000	
0.0000000	1474.7399262	269.5000000	
0.0000000	0.0000000	1.0000000	
0.9998059286	0.0168936587	0.0101345669	
-0.0168678494	0.9998542773	-0.0026267549	
-0.0101774656	0.0024552967	0.9999451939	
-16.5866300032	0.3193437201	0.9387658971	


1474.7399262	0.0000000	479.5000000	
0.0000000	1474.7399262	269.5000000	
0.0000000	0.0000000	1.0000000	
0.9997539109	0.0193887036	0.0107794166	
-0.0193583369	0.9998083623	-0.0029143409	
-0.0108338562	0.0027049522	0.9999376535	
-17.0538832875	0.3293427401	0.9756779107	


1474.7399262	0.0000000	479.5000000	
0.0000000	1474.7399262	269.5000000	
0.0000000	0.0000000	1.0000000	
0.9997499529	0.0193915163	0.0111355600	
-0.0193572702	0.9998075893	-0.0031749877	
-0.0111949853	0.0029586397	0.9999329571	
-17.5314133257	0.3497224127	0.9867496820	


1474.7399262	0.0000000	479.5000000	
0.0000000	1474.7399262	269.5000000	
0.0000000	0.0000000	1.0000000	
0.9997958381	0.0169116116	0.0110580050	
-0.0168774097	0.9998525126	-0.0031789953	
-0.0111101360	0.0029917158	0.9999338051	
-17.9724467471	0.3619867794	1.0421131765	


1474.7399262	0.0000000	479.5000000	
0.0000000	1474.7399262	269.5000000	
0.0000000	0.0000000	1.0000000	
0.9998188487	0.0149736842	0.0117498320	
-0.0149394908	0.9998839215	-0.0029925191	
-0.0117932772	0.0028164404	0.9999264904	
-18.4355415105	0.3800140200	1.0320760408	


1474.7399262	0.0000000	479.5000000	
0.0000000	1474.7399262	269.5000000	
0.0000000	0.0000000	1.0000000	
0.9998609348	0.0116959540	0.0118876252	
-0.0116684033	0.9999290792	-0.0023843162	
-0.0119146690	0.0022452750	0.9999264970	
-18.9066819974	0.3645937398	1.0582594600	


1474.7399262	0.0000000	479.5000000	
0.0000000	1474.7399262	269.5000000	
0.0000000	0.0000000	1.0000000	
0.9998892224	0.0091574741	0.0117338639	
-0.0091319750	0.9999558275	-0.0022248669	
-0.0117537198	0.0021174670	0.9999286807	
-19.3395008163	0.3692440580	1.0708147353	


1474.7399262	0.0000000	479.5000000	
0.0000000	1474.7399262	269.5000000	
0.0000000	0.0000000	1.0000000	
0.9998633498	0.0112312932	0.0121301166	
-0.0112018896	0.9999341585	-0.0024892483	
-0.0121572754	0.0023530279	0.9999233290	
-19.7773915096	0.4000383422	1.1088885676	


1474.7399262	0.0000000	479.5000000	
0.0000000	1474.7399262	269.5000000	
0.0000000	0.0000000	1.0000000	
0.9998289606	0.0135545406	0.0125826872	
-0.0135265531	0.9999058512	-0.0023067348	
-0.0126127693	0.0021361398	0.9999181741	
-20.2460199649	0.3932590119	1.1392380673	


1474.7399262	0.0000000	479.5000000	
0.0000000	1474.7399262	269.5000000	
0.0000000	0.0000000	1.0000000	
0.9998146704	0.0147347062	0.0123900471	
-0.0147046817	0.9998887277	-0.0025108999	
-0.0124256659	0.0023282428	0.9999200879	
-20.7198480171	0.3603772237	1.1681895059	


1474.7399262	0.0000000	479.5000000	
0.0000000	1474.7399262	269.5000000	
0.0000000	0.0000000	1.0000000	
0.9997779015	0.0172595429	0.0120936246	
-0.0172222292	0.9998466206	-0.0031827898	
-0.0121467032	0.0029738038	0.9999218040	
-21.1541681631	0.3746873310	1.1455548633	


1474.7399262	0.0000000	479.5000000	
0.0000000	1474.7399262	269.5000000	
0.0000000	0.0000000	1.0000000	
0.9997387781	0.0191454550	0.0124830692	
-0.0191058799	0.9998120796	-0.0032819006	
-0.0125435569	0.0030425433	0.9999166976	
-21.6078901087	0.4061563200	1.1809030723	


1474.7399262	0.0000000	479.5000000	
0.0000000	1474.7399262	269.5000000	
0.0000000	0.0000000	1.0000000	
0.9997659950	0.0174043163	0.0128469831	
-0.0173658367	0.9998443945	-0.0031007354	
-0.0128989502	0.0028769112	0.9999126664	
-22.0809624265	0.4275490642	1.1553670197	


1474.7399262	0.0000000	479.5000000	
0.0000000	1474.7399262	269.5000000	
0.0000000	0.0000000	1.0000000	
0.9997758605	0.0169160267	0.0127309399	
-0.0168818604	0.9998536086	-0.0027864266	
-0.0127762115	0.0025708801	0.9999150759	
-22.5214820777	0.4105716472	1.2029826833	


1474.7399262	0.0000000	479.5000000	
0.0000000	1474.7399262	269.5000000	
0.0000000	0.0000000	1.0000000	
0.9997506000	0.0184849336	0.0125317598	
-0.0184493015	0.9998254363	-0.0029530152	
-0.0125841585	0.0027210765	0.9999171139	
-22.9746970189	0.4502223213	1.1748058428	


1474.7399262	0.0000000	479.5000000	
0.0000000	1474.7399262	269.5000000	
0.0000000	0.0000000	1.0000000	
0.9997178015	0.0200518691	0.0127373418	
-0.0200226104	0.9997965975	-0.0024204818	
-0.0127832861	0.0021647639	0.9999159472	
-23.4016016109	0.4438552642	1.2130342717	


1474.7399262	0.0000000	479.5000000	
0.0000000	1474.7399262	269.5000000	
0.0000000	0.0000000	1.0000000	
0.9996827572	0.0213771657	0.0133192227	
-0.0213504353	0.9997697505	-0.0021458876	
-0.0133620290	0.0018608356	0.9999089926	
-23.8764604292	0.4323343905	1.1979999046	


1474.7399262	0.0000000	479.5000000	
0.0000000	1474.7399262	269.5000000	
0.0000000	0.0000000	1.0000000	
0.9996721109	0.0219808992	0.0131343366	
-0.0219547412	0.9997566914	-0.0021324657	
-0.0131780145	0.0018434055	0.9999114670	
-24.3251155067	0.4327330675	1.2230904640	


1474.7399262	0.0000000	479.5000000	
0.0000000	1474.7399262	269.5000000	
0.0000000	0.0000000	1.0000000	
0.9996210901	0.0242937793	0.0129417320	
-0.0242616298	0.9997021696	-0.0026354305	
-0.0130019022	0.0023204444	0.9999127792	
-24.7476620733	0.4502609814	1.2502765177	


1474.7399262	0.0000000	479.5000000	
0.0000000	1474.7399262	269.5000000	
0.0000000	0.0000000	1.0000000	
0.9995855754	0.0254604160	0.0134329706	
-0.0254253078	0.9996728649	-0.0027779455	
-0.0134993039	0.0024352568	0.9999059147	
-25.1870669041	0.4757064067	1.2732648548	


1474.7399262	0.0000000	479.5000000	
0.0000000	1474.7399262	269.5000000	
0.0000000	0.0000000	1.0000000	
0.9996301499	0.0235099330	0.0136691759	
-0.0234791083	0.9997214200	-0.0024111994	
-0.0137220551	0.0020893676	0.9999036652	
-25.6500024635	0.4750455375	1.2307242544	


1474.7399262	0.0000000	479.5000000	
0.0000000	1474.7399262	269.5000000	
0.0000000	0.0000000	1.0000000	
0.9996708553	0.0217947989	0.0135339527	
-0.0217650668	0.9997603738	-0.0023402840	
-0.0135817156	0.0020449463	0.9999056731	
-26.0835824158	0.4809504138	1.2449550404	


1474.7399262	0.0000000	479.5000000	
0.0000000	1474.7399262	269.5000000	
0.0000000	0.0000000	1.0000000	
0.9997052870	0.0202067220	0.0134546448	
-0.0201839779	0.9997946188	-0.0018240915	
-0.0134887404	0.0015519857	0.9999078184	
-26.5005870949	0.5047975685	1.2573634971	


1474.7399262	0.0000000	479.5000000	
0.0000000	1474.7399262	269.5000000	
0.0000000	0.0000000	1.0000000	
0.9997194245	0.0194339763	0.0135422633	
-0.0194224324	0.9998108831	-0.0009834430	
-0.0135588145	0.0007201434	0.9999078157	
-26.9300099470	0.5021938477	1.2773833217	


1474.7399262	0.0000000	479.5000000	
0.0000000	1474.7399262	269.5000000	
0.0000000	0.0000000	1.0000000	
0.9997102659	0.0198155188	0.0136648961	
-0.0198149640	0.9998036488	-0.0001760085	
-0.0136657007	-0.0000948120	0.9999066155	
-27.3782603663	0.5287751727	1.2361976624	


1474.7399262	0.0000000	479.5000000	
0.0000000	1474.7399262	269.5000000	
0.0000000	0.0000000	1.0000000	
0.9997017305	0.0202902897	0.0135924301	
-0.0203019056	0.9997936379	0.0007171363	
-0.0135750743	-0.0009928747	0.9999073615	
-27.7913796665	0.5001379521	1.3084414994	


1474.7399262	0.0000000	479.5000000	
0.0000000	1474.7399262	269.5000000	
0.0000000	0.0000000	1.0000000	
0.9996431924	0.0229194045	0.0137181907	
-0.0229350246	0.9997364751	0.0009823876	
-0.0136920599	-0.0012966641	0.9999054186	
-28.2174217254	0.5134738789	1.3082931092	


1474.7399262	0.0000000	479.5000000	
0.0000000	1474.7399262	269.5000000	
0.0000000	0.0000000	1.0000000	
0.9995931140	0.0249087552	0.0138982138	
-0.0249235211	0.9996889644	0.0008902129	
-0.0138717169	-0.0012362431	0.9999030189	
-28.6617118581	0.5170352252	1.3030404840	


1474.7399262	0.0000000	479.5000000	
0.0000000	1474.7399262	269.5000000	
0.0000000	0.0000000	1.0000000	
0.9995804419	0.0255309623	0.0136788237	
-0.0255423829	0.9996735217	0.0006608319	
-0.0136574862	-0.0010099444	0.9999062221	
-29.0964545981	0.5119998694	1.3303165201	


1474.7399262	0.0000000	479.5000000	
0.0000000	1474.7399262	269.5000000	
0.0000000	0.0000000	1.0000000	
0.9996071654	0.0246241974	0.0133852078	
-0.0246237344	0.9996967700	-0.0001994234	
-0.0133860596	-0.0001302487	0.9999103942	
-29.4952966826	0.5056638311	1.3794923955	


1474.7399262	0.0000000	479.5000000	
0.0000000	1474.7399262	269.5000000	
0.0000000	0.0000000	1.0000000	
0.9996370508	0.0231073766	0.0138497581	
-0.0230978658	0.9997328505	-0.0008462972	
-0.0138656139	0.0005260902	0.9999037294	
-29.9308974071	0.5383062394	1.3109294272	


1474.7399262	0.0000000	479.5000000	
0.0000000	1474.7399262	269.5000000	
0.0000000	0.0000000	1.0000000	
0.9997167503	0.0191062154	0.0141905516	
-0.0190933691	0.9998171639	-0.0010402133	
-0.0142078316	0.0007689732	0.9998987680	
-30.3509240118	0.5370022298	1.3345035783	


1474.7399262	0.0000000	479.5000000	
0.0000000	1474.7399262	269.5000000	
0.0000000	0.0000000	1.0000000	
0.9997928466	0.0149702761	0.0137896595	
-0.0149537901	0.9998873435	-0.0012978706	
-0.0138075355	0.0010913941	0.9999040758	
-30.7787994714	0.5104781815	1.3255308400	


1474.7399262	0.0000000	479.5000000	
0.0000000	1474.7399262	269.5000000	
0.0000000	0.0000000	1.0000000	
0.9998199757	0.0131095513	0.0137169913	
-0.0130857714	0.9999127178	-0.0018219321	
-0.0137396788	0.0016421067	0.9999042578	
-31.1858953257	0.5485820257	1.3126632112	


1474.7399262	0.0000000	479.5000000	
0.0000000	1474.7399262	269.5000000	
0.0000000	0.0000000	1.0000000	
0.9998348963	0.0120194516	0.0136276538	
-0.0119923911	0.9999259550	-0.0020656940	
-0.0136514733	0.0019019248	0.9999050055	
-31.5846961418	0.5511831892	1.3251340311	


1474.7399262	0.0000000	479.5000000	
0.0000000	1474.7399262	269.5000000	
0.0000000	0.0000000	1.0000000	
0.9997956481	0.0149383113	0.0136201630	
-0.0149183525	0.9998874892	-0.0015658125	
-0.0136420212	0.0013623021	0.9999060153	
-32.0041614992	0.5476738510	1.3312054516	


1474.7399262	0.0000000	479.5000000	
0.0000000	1474.7399262	269.5000000	
0.0000000	0.0000000	1.0000000	
0.9997454628	0.0182208146	0.0133045691	
-0.0182024544	0.9998331967	-0.0014997932	
-0.0133296773	0.0012572356	0.9999103655	
-32.4345321349	0.5533281075	1.3280669496	


1474.7399262	0.0000000	479.5000000	
0.0000000	1474.7399262	269.5000000	
0.0000000	0.0000000	1.0000000	
0.9997080057	0.0204191705	0.0129213352	
-0.0204033750	0.9997909138	-0.0013530993	
-0.0129462626	0.0010890654	0.9999156005	
-32.8397192761	0.5661007409	1.3342958733	


1474.7399262	0.0000000	479.5000000	
0.0000000	1474.7399262	269.5000000	
0.0000000	0.0000000	1.0000000	
0.9996675758	0.0220983189	0.0132816493	
-0.0220909597	0.9997557195	-0.0007005561	
-0.0132938860	0.0004069188	0.9999115496	
-33.2595554645	0.5821695309	1.3346455020	


1474.7399262	0.0000000	479.5000000	
0.0000000	1474.7399262	269.5000000	
0.0000000	0.0000000	1.0000000	
0.9996710108	0.0218980195	0.0133546552	
-0.0218954858	0.9997602087	-0.0003359190	
-0.0133588089	0.0000434018	0.9999107662	
-33.6711466004	0.5795796155	1.3463257836	


1474.7399262	0.0000000	479.5000000	
0.0000000	1474.7399262	269.5000000	
0.0000000	0.0000000	1.0000000	
0.9996758342	0.0215526401	0.0135539765	
-0.0215547578	0.9997676692	0.0000101617	
-0.0135506085	-0.0003023110	0.9999081406	
-34.0858748331	0.5840658564	1.3232536553	


1474.7399262	0.0000000	479.5000000	
0.0000000	1474.7399262	269.5000000	
0.0000000	0.0000000	1.0000000	
0.9997358012	0.0185539277	0.0135675954	
-0.0185529132	0.9998278598	-0.0002006448	
-0.0135689826	-0.0000511266	0.9999079358	
-34.4784493129	0.5954572683	1.3354148526	


1474.7399262	0.0000000	479.5000000	
0.0000000	1474.7399262	269.5000000	
0.0000000	0.0000000	1.0000000	
0.9998144416	0.0135251275	0.0137168975	
-0.0135188277	0.9999084642	-0.0005518919	
-0.0137231063	0.0003663531	0.9999057666	
-34.8704940594	0.5698401222	1.3622320022	


1474.7399262	0.0000000	479.5000000	
0.0000000	1474.7399262	269.5000000	
0.0000000	0.0000000	1.0000000	
0.9998502009	0.0105712415	0.0137049154	
-0.0105442780	0.9999423303	-0.0020382025	
-0.0137256714	0.0018933888	0.9999040059	
-35.2525015302	0.5418493323	1.4323697557	


1474.7399262	0.0000000	479.5000000	
0.0000000	1474.7399262	269.5000000	
0.0000000	0.0000000	1.0000000	
0.9998459342	0.0105507821	0.0140281456	
-0.0104853253	0.9999338333	-0.0047314912	
-0.0140771383	0.0045836725	0.9998904061	
-35.6311496814	0.5232827308	1.4854684190	


1474.7399262	0.0000000	479.5000000	
0.0000000	1474.7399262	269.5000000	
0.0000000	0.0000000	1.0000000	
0.9998445550	0.0097923081	0.0146620780	
-0.0096799209	0.9999233736	-0.0077166106	
-0.0147365180	0.0075734834	0.9998627293	
-36.0831964861	0.5595801482	1.3894683258	


1474.7399262	0.0000000	479.5000000	
0.0000000	1474.7399262	269.5000000	
0.0000000	0.0000000	1.0000000	
0.9998569121	0.0091299683	0.0142407511	
-0.0090122508	0.9999248702	-0.0083086242	
-0.0143155387	0.0081790941	0.9998640746	
-36.5123167328	0.5467225609	1.3456361028	


1474.7399262	0.0000000	479.5000000	
0.0000000	1474.7399262	269.5000000	
0.0000000	0.0000000	1.0000000	
0.9998134098	0.0131906048	0.0141121795	
-0.0130427836	0.9998596401	-0.0105159862	
-0.0142489109	0.0103299619	0.9998451182	
-36.8543157649	0.5767400312	1.4331641071	


1474.7399262	0.0000000	479.5000000	
0.0000000	1474.7399262	269.5000000	
0.0000000	0.0000000	1.0000000	
0.9997832596	0.0146040888	0.0148375987	
-0.0144389608	0.9998332943	-0.0111758639	
-0.0149983385	0.0109592022	0.9998274580	
-37.2901369864	0.5744450525	1.4105814515	


1474.7399262	0.0000000	479.5000000	
0.0000000	1474.7399262	269.5000000	
0.0000000	0.0000000	1.0000000	
0.9997949252	0.0136738969	0.0149376045	
-0.0134965675	0.9998380039	-0.0119083433	
-0.0150980181	0.0117042948	0.9998175130	
-37.7137411158	0.5591341790	1.4118597643	


1474.7399262	0.0000000	479.5000000	
0.0000000	1474.7399262	269.5000000	
0.0000000	0.0000000	1.0000000	
0.9998158021	0.0122788994	0.0147509464	
-0.0120941367	0.9998481024	-0.0125500619	
-0.0149028067	0.0123693503	0.9998124352	
-38.0918734862	0.5767865075	1.4074034101	


1474.7399262	0.0000000	479.5000000	
0.0000000	1474.7399262	269.5000000	
0.0000000	0.0000000	1.0000000	
0.9998250433	0.0112011801	0.0149805312	
-0.0110115495	0.9998589513	-0.0126816102	
-0.0151204672	0.0125144326	0.9998073617	
-38.5057085096	0.6141562412	1.3307810544	


1474.7399262	0.0000000	479.5000000	
0.0000000	1474.7399262	269.5000000	
0.0000000	0.0000000	1.0000000	
0.9998242510	0.0106920984	0.0153995524	
-0.0105065864	0.9998718643	-0.0120775242	
-0.0155267132	0.0119136049	0.9998084753	
-38.9242873012	0.6129361217	1.3020360914	


1474.7399262	0.0000000	479.5000000	
0.0000000	1474.7399262	269.5000000	
0.0000000	0.0000000	1.0000000	
0.9998132386	0.0118175758	0.0152915946	
-0.0116445949	0.9998677571	-0.0113521712	
-0.0154237276	0.0111719867	0.9998186312	
-39.2958995511	0.5989911116	1.3665353131	


1474.7399262	0.0000000	479.5000000	
0.0000000	1474.7399262	269.5000000	
0.0000000	0.0000000	1.0000000	
0.9997660739	0.0151311277	0.0154546582	
-0.0149633190	0.9998284481	-0.0109166605	
-0.0156171883	0.0106828538	0.9998209740	
-39.6972239295	0.6217429708	1.3092172867	


1474.7399262	0.0000000	479.5000000	
0.0000000	1474.7399262	269.5000000	
0.0000000	0.0000000	1.0000000	
0.9997547545	0.0158081721	0.0155091109	
-0.0156507835	0.9998253119	-0.0102175688	
-0.0156679228	0.0099723332	0.9998275195	
-40.0997742974	0.6305498654	1.3420017085	


1474.7399262	0.0000000	479.5000000	
0.0000000	1474.7399262	269.5000000	
0.0000000	0.0000000	1.0000000	
0.9997684707	0.0152329760	0.0151974173	
-0.0150914900	0.9998421045	-0.0093815203	
-0.0153379262	0.0091499966	0.9998405001	
-40.4869183246	0.6387445902	1.3339602433	


1474.7399262	0.0000000	479.5000000	
0.0000000	1474.7399262	269.5000000	
0.0000000	0.0000000	1.0000000	
0.9997672364	0.0150815976	0.0154278449	
-0.0149542038	0.9998533998	-0.0083397024	
-0.0155513592	0.0081070501	0.9998462037	
-40.8833425176	0.6467991322	1.3166286570	


1474.7399262	0.0000000	479.5000000	
0.0000000	1474.7399262	269.5000000	
0.0000000	0.0000000	1.0000000	
0.9997716331	0.0146176648	0.0155886342	
-0.0145007019	0.9998660525	-0.0075899116	
-0.0156974930	0.0073621321	0.9998496826	
-41.2783545644	0.6473111126	1.3235098024	


1474.7399262	0.0000000	479.5000000	
0.0000000	1474.7399262	269.5000000	
0.0000000	0.0000000	1.0000000	
0.9997749767	0.0143730533	0.0156016433	
-0.0142706721	0.9998760296	-0.0066538266	
-0.0156953449	0.0064296834	0.9998561473	
-41.6646264412	0.6229730774	1.3900967105	


1474.7399262	0.0000000	479.5000000	
0.0000000	1474.7399262	269.5000000	
0.0000000	0.0000000	1.0000000	
0.9997771492	0.0144242957	0.0154140101	
-0.0143304004	0.9998781868	-0.0061847472	
-0.0155013431	0.0059624800	0.9998620691	
-42.0599306488	0.6274101659	1.3681210221	


1474.7399262	0.0000000	479.5000000	
0.0000000	1474.7399262	269.5000000	
0.0000000	0.0000000	1.0000000	
0.9997665746	0.0153913898	0.0151624995	
-0.0153048966	0.9998660277	-0.0058040389	
-0.0152498004	0.0055706236	0.9998681972	
-42.4346420699	0.6339850419	1.3880415704	


1474.7399262	0.0000000	479.5000000	
0.0000000	1474.7399262	269.5000000	
0.0000000	0.0000000	1.0000000	
0.9997551605	0.0159178901	0.0153700948	
-0.0158313638	0.9998582294	-0.0057348882	
-0.0154592031	0.0054901545	0.9998654266	
-42.8260393821	0.6644189964	1.3484525846	


1474.7399262	0.0000000	479.5000000	
0.0000000	1474.7399262	269.5000000	
0.0000000	0.0000000	1.0000000	
0.9997358812	0.0168976239	0.0155768440	
-0.0168170847	0.9998446045	-0.0052870206	
-0.0156637615	0.0050236671	0.9998646955	
-43.1994021369	0.6347320797	1.4018019759	


1474.7399262	0.0000000	479.5000000	
0.0000000	1474.7399262	269.5000000	
0.0000000	0.0000000	1.0000000	
0.9996750623	0.0200440497	0.0157482041	
-0.0199663751	0.9997877760	-0.0050741401	
-0.0158465683	0.0047580568	0.9998631142	
-43.6500903807	0.6079371071	1.3067884243	


1474.7399262	0.0000000	479.5000000	
0.0000000	1474.7399262	269.5000000	
0.0000000	0.0000000	1.0000000	
0.9996838775	0.0198518864	0.0154287959	
-0.0197637648	0.9997876030	-0.0058431559	
-0.0155415165	0.0055363777	0.9998638956	
-44.0088410397	0.6372591752	1.3714459608	


1474.7399262	0.0000000	479.5000000	
0.0000000	1474.7399262	269.5000000	
0.0000000	0.0000000	1.0000000	
0.9997071530	0.0186958960	0.0153646249	
-0.0186019428	0.9998075262	-0.0062352468	
-0.0154782411	0.0059476090	0.9998625155	
-44.3777760417	0.6352305158	1.3788389231	


1474.7399262	0.0000000	479.5000000	
0.0000000	1474.7399262	269.5000000	
0.0000000	0.0000000	1.0000000	
0.9997055961	0.0186500575	0.0155208430	
-0.0185509820	0.9998067669	-0.0065030682	
-0.0156391265	0.0062132268	0.9998583967	
-44.7622950328	0.6435288878	1.3389711658	


1474.7399262	0.0000000	479.5000000	
0.0000000	1474.7399262	269.5000000	
0.0000000	0.0000000	1.0000000	
0.9997123491	0.0180361518	0.0158087386	
-0.0179384948	0.9998192589	-0.0062976063	
-0.0159194659	0.0060122098	0.9998552015	
-45.1735016573	0.6089497559	1.3187356841	


1474.7399262	0.0000000	479.5000000	
0.0000000	1474.7399262	269.5000000	
0.0000000	0.0000000	1.0000000	
0.9997068076	0.0189100867	0.0151230751	
-0.0188129674	0.9998016397	-0.0065386237	
-0.0152437212	0.0062521967	0.9998642603	
-45.5567889955	0.6476274136	1.2895736675	


1474.7399262	0.0000000	479.5000000	
0.0000000	1474.7399262	269.5000000	
0.0000000	0.0000000	1.0000000	
0.9996687742	0.0207819057	0.0151807217	
-0.0206968215	0.9997693173	-0.0057405423	
-0.0152965192	0.0054244482	0.9998682873	
-45.9152054194	0.6695316367	1.2675677324	


1474.7399262	0.0000000	479.5000000	
0.0000000	1474.7399262	269.5000000	
0.0000000	0.0000000	1.0000000	
0.9996264359	0.0224794249	0.0155455511	
-0.0224140491	0.9997392360	-0.0043669757	
-0.0156396645	0.0040169057	0.9998696242	
-46.3272298091	0.6670924218	1.2526733015	


1474.7399262	0.0000000	479.5000000	
0.0000000	1474.7399262	269.5000000	
0.0000000	0.0000000	1.0000000	
0.9996344243	0.0221702787	0.0154756719	
-0.0221256309	0.9997505449	-0.0030503288	
-0.0155394381	0.0027068047	0.9998755918	
-46.7163705323	0.6750749775	1.2433389614	


1474.7399262	0.0000000	479.5000000	
0.0000000	1474.7399262	269.5000000	
0.0000000	0.0000000	1.0000000	
0.9996525733	0.0215459532	0.0151823757	
-0.0215040471	0.9997645027	-0.0029180632	
-0.0152416727	0.0025905669	0.9998804830	
-47.0702371694	0.6627139885	1.3249553507	


1474.7399262	0.0000000	479.5000000	
0.0000000	1474.7399262	269.5000000	
0.0000000	0.0000000	1.0000000	
0.9996453728	0.0218184490	0.0152670846	
-0.0217762793	0.9997585959	-0.0029229556	
-0.0153271734	0.0025894587	0.9998791789	
-47.4316448857	0.6712064136	1.3167064216	


1474.7399262	0.0000000	479.5000000	
0.0000000	1474.7399262	269.5000000	
0.0000000	0.0000000	1.0000000	
0.9996326487	0.0219541288	0.0158928847	
-0.0219070142	0.9997551049	-0.0031325781	
-0.0159577656	0.0027832617	0.9998687930	
-47.8263067689	0.6586138091	1.2933611979	


1474.7399262	0.0000000	479.5000000	
0.0000000	1474.7399262	269.5000000	
0.0000000	0.0000000	1.0000000	
0.9996362445	0.0217360179	0.0159663487	
-0.0216813737	0.9997584943	-0.0035876464	
-0.0160404739	0.0032401690	0.9998660933	
-48.1998263566	0.6473318043	1.3426083740	


1474.7399262	0.0000000	479.5000000	
0.0000000	1474.7399262	269.5000000	
0.0000000	0.0000000	1.0000000	
0.9996703475	0.0202044085	0.0158422894	
-0.0201363231	0.9997873603	-0.0044455140	
-0.0159287397	0.0041250431	0.9998646205	
-48.5884634106	0.6507927106	1.2533742878	


1474.7399262	0.0000000	479.5000000	
0.0000000	1474.7399262	269.5000000	
0.0000000	0.0000000	1.0000000	
0.9997063898	0.0180640449	0.0161500597	
-0.0179850708	0.9998256433	-0.0050219738	
-0.0162379609	0.0047300393	0.9998569674	
-48.9454762569	0.6516820726	1.2521807082	


1474.7399262	0.0000000	479.5000000	
0.0000000	1474.7399262	269.5000000	
0.0000000	0.0000000	1.0000000	
0.9997258584	0.0165396802	0.0165724810	
-0.0164598554	0.9998523160	-0.0049415939	
-0.0166517659	0.0046674586	0.9998504556	
-49.3628769255	0.6556965259	1.2048376505	


1474.7399262	0.0000000	479.5000000	
0.0000000	1474.7399262	269.5000000	
0.0000000	0.0000000	1.0000000	
0.9997730207	0.0136844402	0.0163292150	
-0.0135981005	0.9998930313	-0.0053868070	
-0.0164011838	0.0051635380	0.9998521586	
-49.7234573592	0.6708889080	1.1664659187	


1474.7399262	0.0000000	479.5000000	
0.0000000	1474.7399262	269.5000000	
0.0000000	0.0000000	1.0000000	
0.9997944600	0.0119228684	0.0163976526	
-0.0118409119	0.9999169587	-0.0050861086	
-0.0164569319	0.0048909000	0.9998526134	
-50.0878178532	0.6788248320	1.1821537011	


1474.7399262	0.0000000	479.5000000	
0.0000000	1474.7399262	269.5000000	
0.0000000	0.0000000	1.0000000	
0.9998025758	0.0105585227	0.0168323226	
-0.0104860251	0.9999353857	-0.0043895010	
-0.0168775816	0.0042121302	0.9998486912	
-50.4890055356	0.6716090723	1.1706397275	


1474.7399262	0.0000000	479.5000000	
0.0000000	1474.7399262	269.5000000	
0.0000000	0.0000000	1.0000000	
0.9998099118	0.0102156482	0.0166066491	
-0.0101502228	0.9999404076	-0.0040192394	
-0.0166467186	0.0038499142	0.9998540218	
-50.8406009113	0.6715517890	1.1848183738	


1474.7399262	0.0000000	479.5000000	
0.0000000	1474.7399262	269.5000000	
0.0000000	0.0000000	1.0000000	
0.9997801288	0.0123577396	0.0169404958	
-0.0123025179	0.9999186756	-0.0033600941	
-0.0169806413	0.0031509446	0.9998508536	
-51.2112490389	0.6849034793	1.1472769687	


1474.7399262	0.0000000	479.5000000	
0.0000000	1474.7399262	269.5000000	
0.0000000	0.0000000	1.0000000	
0.9997535792	0.0135920676	0.0175509714	
-0.0135503753	0.9999050835	-0.0024922479	
-0.0175831803	0.0022538115	0.9998428637	
-51.5900840426	0.6816901311	1.2172175650	


1474.7399262	0.0000000	479.5000000	
0.0000000	1474.7399262	269.5000000	
0.0000000	0.0000000	1.0000000	
0.9997630596	0.0124540882	0.0178527415	
-0.0124131409	0.9999200675	-0.0024026003	
-0.0178812367	0.0021804224	0.9998377404	
-52.0112777923	0.6899474540	1.1730800052	


1474.7399262	0.0000000	479.5000000	
0.0000000	1474.7399262	269.5000000	
0.0000000	0.0000000	1.0000000	
0.9997864546	0.0101327109	0.0180103677	
-0.0100805354	0.9999447336	-0.0029854046	
-0.0180396226	0.0028032129	0.9998333431	
-52.3572755286	0.6831902220	1.2245764349	


1474.7399262	0.0000000	479.5000000	
0.0000000	1474.7399262	269.5000000	
0.0000000	0.0000000	1.0000000	
0.9997928182	0.0084526274	0.0185168499	
-0.0083983875	0.9999602177	-0.0030050283	
-0.0185415137	0.0028488941	0.9998240326	
-52.7341368913	0.6931988121	1.1669498361	


1474.7399262	0.0000000	479.5000000	
0.0000000	1474.7399262	269.5000000	
0.0000000	0.0000000	1.0000000	
0.9998106347	0.0040921884	0.0190249487	
-0.0040299199	0.9999864011	-0.0033101793	
-0.0190382358	0.0032328835	0.9998135296	
-53.1296024540	0.6805026105	1.1635945519	


1474.7399262	0.0000000	479.5000000	
0.0000000	1474.7399262	269.5000000	
0.0000000	0.0000000	1.0000000	
0.9998257763	0.0000807340	0.0186657595	
-0.0000080958	0.9999924278	-0.0038915671	
-0.0186659323	0.0038907380	0.9998182060	
-53.4977917783	0.6346342837	1.2214725858	


1474.7399262	0.0000000	479.5000000	
0.0000000	1474.7399262	269.5000000	
0.0000000	0.0000000	1.0000000	
0.9998253592	-0.0014164562	0.0186345049	
0.0015096063	0.9999864320	-0.0049856776	
-0.0186271901	0.0050129377	0.9998139318	
-53.8769094662	0.6761366461	1.1382282538	


1474.7399262	0.0000000	479.5000000	
0.0000000	1474.7399262	269.5000000	
0.0000000	0.0000000	1.0000000	
0.9998203299	-0.0000963395	0.0189551762	
0.0001982189	0.9999855460	-0.0053729487	
-0.0189543846	0.0053757407	0.9998058975	
-54.2439718658	0.6654661338	1.1635645875	


1474.7399262	0.0000000	479.5000000	
0.0000000	1474.7399262	269.5000000	
0.0000000	0.0000000	1.0000000	
0.9998088984	0.0028315594	0.0193429296	
-0.0027225828	0.9999802875	-0.0056579338	
-0.0193585691	0.0056041898	0.9997968988	
-54.6505816728	0.7002044486	1.1274293422	


1474.7399262	0.0000000	479.5000000	
0.0000000	1474.7399262	269.5000000	
0.0000000	0.0000000	1.0000000	
0.9997935683	0.0045815623	0.0197946985	
-0.0044754776	0.9999754035	-0.0054002257	
-0.0198189531	0.0053105202	0.9997894816	
-55.0465978713	0.6968598520	1.1524867338	


1474.7399262	0.0000000	479.5000000	
0.0000000	1474.7399262	269.5000000	
0.0000000	0.0000000	1.0000000	
0.9997800434	0.0066073030	0.0199049826	
-0.0065127643	0.9999672205	-0.0048105860	
-0.0199361152	0.0046798914	0.9997903030	
-55.4603838467	0.7059822194	1.0913173683	


1474.7399262	0.0000000	479.5000000	
0.0000000	1474.7399262	269.5000000	
0.0000000	0.0000000	1.0000000	
0.9997551996	0.0093219611	0.0200659399	
-0.0092433172	0.9999492454	-0.0040084603	
-0.0201022882	0.0038220032	0.9997906232	
-55.8218493556	0.7375274519	1.1015694490	


1474.7399262	0.0000000	479.5000000	
0.0000000	1474.7399262	269.5000000	
0.0000000	0.0000000	1.0000000	
0.9997208806	0.0107260270	0.0210502570	
-0.0106725563	0.9999395329	-0.0026508488	
-0.0210774172	0.0024254488	0.9997749045	
-56.2240724850	0.7537617840	1.0765802786	


1474.7399262	0.0000000	479.5000000	
0.0000000	1474.7399262	269.5000000	
0.0000000	0.0000000	1.0000000	
0.9997345954	0.0083108346	0.0214864786	
-0.0082707632	0.9999638892	-0.0019531533	
-0.0215019350	0.0017749253	0.9997672311	
-56.6429927381	0.7361418126	1.0921505576	


1474.7399262	0.0000000	479.5000000	
0.0000000	1474.7399262	269.5000000	
0.0000000	0.0000000	1.0000000	
0.9997613725	0.0043984113	0.0213974787	
-0.0043583936	0.9999886657	-0.0019164806	
-0.0214056656	0.0018227646	0.9997692109	
-57.0137606451	0.7052287627	1.1423983153	


1474.7399262	0.0000000	479.5000000	
0.0000000	1474.7399262	269.5000000	
0.0000000	0.0000000	1.0000000	
0.9997660880	0.0027889786	0.0214473976	
-0.0027437405	0.9999939496	-0.0021383941	
-0.0214532318	0.0020790478	0.9997676912	
-57.3756984272	0.7092542253	1.1274168902	


1474.7399262	0.0000000	479.5000000	
0.0000000	1474.7399262	269.5000000	
0.0000000	0.0000000	1.0000000	
0.9997531242	0.0011762804	0.0221879912	
-0.0011279963	0.9999969690	-0.0021885257	
-0.0221904983	0.0021629574	0.9997514208	
-57.7768203308	0.7233792125	1.0744541543	


1474.7399262	0.0000000	479.5000000	
0.0000000	1474.7399262	269.5000000	
0.0000000	0.0000000	1.0000000	
0.9997486747	-0.0003015540	0.0224164356	
0.0003456965	0.9999980089	-0.0019653523	
-0.0224157983	0.0019726077	0.9997467883	
-58.1868192133	0.7203572466	1.0441896826	


1474.7399262	0.0000000	479.5000000	
0.0000000	1474.7399262	269.5000000	
0.0000000	0.0000000	1.0000000	
0.9997530237	0.0004533734	0.0222190474	
-0.0004159303	0.9999984858	-0.0016897693	
-0.0222197799	0.0016801104	0.9997516985	
-58.5850794312	0.7169755541	0.9995158191	


1474.7399262	0.0000000	479.5000000	
0.0000000	1474.7399262	269.5000000	
0.0000000	0.0000000	1.0000000	
0.9997415637	0.0037104079	0.0224285239	
-0.0036826561	0.9999924017	-0.0012785229	
-0.0224330973	0.0011955959	0.9997476315	
-58.9388452719	0.7260440024	1.0552116226	


1474.7399262	0.0000000	479.5000000	
0.0000000	1474.7399262	269.5000000	
0.0000000	0.0000000	1.0000000	
0.9997176242	0.0055243087	0.0231117674	
-0.0055183591	0.9999847222	-0.0003211976	
-0.0231131887	0.0001935679	0.9997328358	
-59.3772350362	0.7187955336	0.9606376918	



#3D Scene Points: x   y   z
564

-14.0165325	-44.1825192	316.2360457
18.3723713	-11.7585446	345.9132204
-7.3914451	-15.6290606	311.3650087
-91.7210640	-1.1775105	306.1600763
3.7336897	-29.0537115	304.6586995
11.0303755	-2.2388422	356.6013439
-107.1675952	-34.8907479	371.9614728
-23.9976603	-31.4151534	308.0955289
9.3676919	6.4299205	351.3392362
-91.8837260	0.8605269	342.4922463
-94.2339274	6.1631224	309.1499182
-18.5599634	-30.5977039	320.2360996
-45.3921301	-30.9936144	295.0568235
-17.1777145	-23.9432853	300.7049070
-44.0156030	-7.7980176	308.6135805
-89.4100091	6.7509327	354.8962905
23.9215094	-9.2071885	328.1468472
-109.4996877	-47.6055271	359.9296251
-57.4546861	-12.7104269	300.0000000
31.2356589	-6.6786467	359.8478014
-4.5975897	-10.4755434	315.2488478
13.8638627	-45.1320011	290.0399697
-10.0503946	-20.6299056	319.6781548
-33.9105532	-28.0085478	290.7703932
-51.5725071	-12.8468054	290.4747141
-59.2793864	-20.7464082	288.0740489
-28.7187044	1.0131550	119.5147846
-51.5929208	-24.7019268	281.4689785
-1.5728214	-16.0360701	334.8317125
-51.5222020	-16.5743691	313.3566814
-29.7893277	-22.0479119	303.9511475
-56.4450228	-15.9666141	288.6749656
32.6926875	2.0312913	307.9472970
-26.8546565	-0.1125128	119.8450703
-13.8078269	-38.4889450	329.8070923
-0.1034596	-31.8145434	293.3760951
-95.1890000	5.1912411	332.4468747
-15.4193608	-16.0819032	307.9601174
-107.6741813	-42.7613644	366.2714133
0.3495207	-11.9493732	345.3359122
-109.1402990	-22.9096936	354.0228832
-41.4708676	-34.9342250	292.5274977
-94.8126419	-1.7410820	333.3125537
-105.6347909	-29.6446648	361.5860544
-20.6936649	-36.2626802	313.7742978
-12.1076061	-26.9593837	326.1976110
-49.4803815	-29.2084337	281.1924629
-112.6471876	-38.4446076	367.5595651
